        4082
        5598
        7115
        8632
       10148
       11665
       13184
       14703
       16223
       17743
       19262
       20782
       22302
       23820
       25318
       26805
       28294
       29784
       31270
       32749
       34226
       35704
       37182
       38659
       40135
       41612
       43089
       44564
       46037
       47506
       48972
       50426
       51871
       53314
       54774
       56278
       57810
       59340
       60867
       62392
       63915
       65432
       66943
       68456
       69971
       71486
       73001
       74516
       76031
       77546
       79062
       80579
       82095
       83609
       85123
       86638
       88154
       89669
       91183
       92697
       94214
       95730
       97247
       98759
      100272
      101784
      103297
      104810
      106323
      107838
      109354
      110870
      112383
      113896
      115409
      116922
      118438
      119955
      121472
      122985
      124496
      126008
      127521
      129033
      130545
      132060
      133577
      135093
      136607
      138121
      139635
      141150
      142667
      144183
      145699
      147210
      148721
      150233
      151746
      153258
      154772
      156288
      157802
      159317
      160831
      162345
      163861
      165378
      166895
      168413
      169931
      171449
      172967
      174484
      176001
      177505
      178993
      180480
      181968
      183459
      184949
      186440
      187929
      189413
      190900
      192394
      193890
      195384
      196879
      198374
      199869
      201362
      202855
      204347
      205839
      207331
      208822
      210311
      211801
      213289
      214779
      216269
      217758
      219248
      220736
      222223
      223707
      225192
      226676
      228159
      229639
      231114
      232583
      234047
      235508
      236968
      238426
      239888
      241374
      242903
      244436
      245963
      247490
      249015
      250538
      252061
      253579
      255089
      256600
      258113
      259628
      261142
      262658
      264173
      265689
      267204
      268720
      270237
      271756
      273273
      274789
      276305
      277821
      279339
      280857
      282374
      283891
      285408
      286926
      288447
      289965
      291479
      292989
      294499
      296011
      297524
      299038
      300552
      302067
      303583
      305100
      306616
      308132
      309648
      311164
      312683
      314200
      315713
      317225
      318738
      320252
      321765
      323280
      324795
      326311
      327827
      329341
      330856
      332371
      333889
      335405
      336918
      338429
      339941
      341454
      342966
      344481
      345997
      347514
      349029
      350546
      352064
      353582
      355101
      356620
      358138
      359657
      361176
      362694
      364190
      365675
      367161
      368646
      370125
      371603
      373082
      374560
      376038
      377513
      378988
      380459
      381926
      383387
      384837
      386279
      387717
      389184
      390713
      392247
      393774
      395300
      396823
      398339
      399847
      401359
      402873
      404387
      405901
      407416
      408930
      410445
      411960
      413476
      414990
      416503
      418017
      419533
      421048
      422563
      424076
      425590
      427103
      428617
      430132
      431649
      433166
      434680
      436194
      437707
      439220
      440735
      442251
      443767
      445282
      446797
      448313
      449830
      451344
      452861
      454378
      455896
      457415
      458933
      460451
      461969
      463488
      465006
      466515
      468006
      469492
      470980
      472467
      473950
      475431
      476913
      478393
      479872
      481352
      482833
      484311
      485787
      487263
      488738
      490204
      491662
      493112
      494555
      495998
      497459
      498979
      500512
      502040
      503566
      505089
      506610
      508120
      509632
      511145
      512660
      514175
      515690
      517203
      518717
      520232
      521748
      523264
      524779
      526293
      527809
      529325
      530841
      532354
      533868
      535382
      536898
      538413
      539927
      541439
      542952
      544464
      545979
      547495
      549011
      550524
      552039
      553556
      555072
      556587
      558102
      559619
      561136
      562652
      564168
      565685
      567202
      568720
      570238
      571755
      573273
      574790
      576306
      577805
      579292
      580779
      582268
      583757
      585241
      586723
      588205
      589688
      591171
      592652
      594135
      595620
      597102
      598584
      600063
      601541
      603013
      604486
      605949
      607406
      608859
      610308
      611759
      613223
      614716
      616247
      617778
      619304
      620830
      622353
      623874
      625388
      626901
      628414
      629929
      631443
      632959
      634473
      635986
      637500
      639014
      640530
      642044
      643556
      645069
      646583
      648098
      649612
      651125
      652637
      654150
      655665
      657179
      658691
      660205
      661719
      663233
      664747
      666260
      667772
      669283
      670794
      672308
      673822
      675336
      676849
      678362
      679877
      681391
      682905
      684417
      685931
      687446
      688961
      690476
      691989
      693504
      695020
      696536
      698052
      699567
      701080
      702597
      704113
      705630
      707147
      708665
      710182
      711700
      713216
      714719
      716205
      717691
      719180
      720668
      722154
      723636
      725115
      726596
      728073
      729548
      731025
      732500
      733965
      735420
      736865
      738303
      739744
      741208
      742731
      744263
      745790
      747316
      748840
      750361
      751877
      753392
      754906
      756420
      757935
      759450
      760964
      762479
      763996
      765512
      767027
      768541
      770055
      771571
      773086
      774600
      776115
      777630
      779147
      780663
      782177
      783691
      785204
      786718
      788233
      789750
      791266
      792780
      794293
      795807
      797322
      798838
      800355
      801869
      803383
      804896
      806409
      807924
      809440
      810958
      812473
      813988
      815504
      817021
      818538
      820056
      821574
      823092
      824610
      826128
      827645
      829149
      830636
      832124
      833613
      835103
      836592
      838078
      839560
      841045
      842530
      844015
      845501
      846985
      848471
      849958
      851445
      852930
      854408
      855880
      857340
      858788
      860227
      861669
      863123
      864609
      866141
      867675
      869203
      870729
      872253
      873772
      875287
      876803
      878320
      879838
      881355
      882871
      884387
      885905
      887422
      888939
      890454
      891969
      893484
      895001
      896517
      898031
      899544
      901059
      902575
      904091
      905605
      907119
      908636
      910152
      911668
      913183
      914701
      916218
      917734
      919252
      920771
      922290
      923806
      925320
      926833
      928348
      929862
      931376
      932892
      934409
      935926
      937443
      938957
      940472
      941989
      943506
      945023
      946537
      948053
      949570
      951087
      952604
      954119
      955636
      957154
      958673
      960190
      961703
      963216
      964729
      966243
      967757
      969274
      970791
      972308
      973823
      975337
      976851
      978366
      979882
      981399
      982916
      984431
      985945
      987459
      988972
      990487
      992003
      993520
      995034
      996549
      998066
      999580
     1001094
     1002608
     1004119
     1005633
     1007148
     1008664
     1010179
     1011694
     1013210
     1014728
     1016245
     1017763
     1019282
     1020801
     1022319
     1023839
     1025358
     1026873
     1028367
     1029853
     1031342
     1032831
     1034321
     1035811
     1037299
     1038789
     1040276
     1041759
     1043244
     1044729
     1046214
     1047698
     1049183
     1050670
     1052158
     1053644
     1055130
     1056615
     1058098
     1059580
     1061062
     1062543
     1064023
     1065499
     1066972
     1068441
     1069908
     1071367
     1072817
     1074261
     1075705
     1077157
     1078630
     1080159
     1081693
     1083221
     1084749
     1086272
     1087790
     1089304
     1090820
     1092335
     1093851
     1095365
     1096881
     1098396
     1099912
     1101430
     1102946
     1104460
     1105975
     1107489
     1109004
     1110521
     1112035
     1113549
     1115062
     1116576
     1118090
     1119605
     1121119
     1122631
     1124145
     1125660
     1127176
     1128689
     1130202
     1131717
     1133233
     1134748
     1136262
     1137775
     1139290
     1140806
     1142323
     1143836
     1145352
     1146869
     1148387
     1149902
     1151417
     1152932
     1154449
     1155967
     1157485
     1159005
     1160523
     1162041
     1163560
     1165078
     1166595
     1168092
     1169578
     1171067
     1172556
     1174044
     1175534
     1177024
     1178512
     1179995
     1181478
     1182961
     1184443
     1185926
     1187411
     1188895
     1190377
     1191858
     1193341
     1194826
     1196307
     1197786
     1199266
     1200745
     1202222
     1203695
     1205164
     1206628
     1208088
     1209540
     1210987
     1212434
     1213888
     1215362
     1216887
     1218421
     1219950
     1221477
     1223001
     1224524
     1226043
     1227554
     1229067
     1230581
     1232095
     1233611
     1235126
     1236640
     1238156
     1239671
     1241189
     1242705
     1244220
     1245735
     1247251
     1248768
     1250285
     1251800
     1253315
     1254831
     1256349
     1257865
     1259380
     1260896
     1262412
     1263929
     1265445
     1266959
     1268472
     1269988
     1271505
     1273021
     1274535
     1276049
     1277564
     1279080
     1280597
     1282114
     1283630
     1285145
     1286659
     1288175
     1289692
     1291210
     1292725
     1294238
     1295754
     1297272
     1298788
     1300303
     1301818
     1303331
     1304845
     1306362
     1307879
     1309393
     1310909
     1312426
     1313943
     1315458
     1316975
     1318493
     1320010
     1321523
     1323034
     1324545
     1326057
     1327569
     1329081
     1330595
     1332112
     1333626
     1335139
     1336651
     1338163
     1339675
     1341189
     1342704
     1344220
     1345734
     1347250
     1348767
     1350284
     1351802
     1353321
     1354839
     1356357
     1357875
     1359392
     1360906
     1362400
     1363885
     1365374
     1366863
     1368353
     1369844
     1371335
     1372823
     1374310
     1375795
     1377281
     1378765
     1380247
     1381727
     1383207
     1384686
     1386167
     1387647
     1389125
     1390602
     1392080
     1393559
     1395037
     1396515
     1397995
     1399470
     1400938
     1402402
     1403859
     1405306
     1406752
     1408202
     1409677
     1411208
     1412742
     1414269
     1415795
     1417310
     1418819
     1420331
     1421846
     1423360
     1424874
     1426388
     1427903
     1429418
     1430935
     1432451
     1433964
     1435478
     1436992
     1438507
     1440022
     1441534
     1443047
     1444561
     1446076
     1447590
     1449103
     1450616
     1452131
     1453646
     1455159
     1456671
     1458185
     1459699
     1461214
     1462726
     1464238
     1465752
     1467267
     1468781
     1470293
     1471806
     1473321
     1474836
     1476349
     1477862
     1479376
     1480890
     1482405
     1483918
     1485432
     1486948
     1488463
     1489977
     1491491
     1493005
     1494521
     1496037
     1497551
     1499064
     1500578
     1502091
     1503604
     1505121
     1506636
     1508148
     1509660
     1511172
     1512683
     1514196
     1515710
     1517225
     1518740
     1520252
     1521768
     1523284
     1524800
     1526316
     1527833
     1529350
     1530867
     1532383
     1533889
     1535380
     1536869
     1538360
     1539852
     1541342
     1542833
     1544323
     1545810
     1547294
     1548778
     1550264
     1551753
     1553239
     1554726
     1556217
     1557716
     1559216
     1560713
     1562211
     1563708
     1565205
     1566701
     1568197
     1569695
     1571192
     1572689
     1574184
     1575676
     1577167
     1578658
     1580149
     1581638
     1583125
     1584612
     1586098
     1587584
     1589068
     1590555
     1592040
     1593527
     1595012
     1596497
     1597983
     1599466
     1600945
     1602423
     1603900
     1605371
     1606834
     1608291
     1609741
     1611194
     1612656
     1614143
     1615673
     1617205
     1618732
     1620258
     1621782
     1623302
     1624814
     1626327
     1627840
     1629355
     1630869
     1632383
     1633897
     1635411
     1636925
     1638441
     1639957
     1641471
     1642984
     1644498
     1646012
     1647527
     1649043
     1650558
     1652071
     1653585
     1655100
     1656615
     1658129
     1659642
     1661156
     1662673
     1664188
     1665701
     1667216
     1668732
     1670248
     1671763
     1673276
     1674791
     1676307
     1677823
     1679339
     1680856
     1682373
     1683890
     1685407
     1686923
     1688440
     1689942
     1691428
     1692915
     1694403
     1695890
     1697378
     1698864
     1700349
     1701832
     1703314
     1704796
     1706282
     1707770
     1709258
     1710747
     1712234
     1713723
     1715212
     1716700
     1718186
     1719671
     1721157
     1722642
     1724125
     1725608
     1727087
     1728559
     1730023
     1731480
     1732934
     1734389
     1735844
     1737304
     1738773
     1740268
     1741799
     1743330
     1744858
     1746384
     1747907
     1749427
     1750940
     1752453
     1753969
     1755484
     1756999
     1758514
     1760029
     1761545
     1763060
     1764574
     1766091
     1767608
     1769123
     1770637
     1772152
     1773667
     1775183
     1776698
     1778211
     1779725
     1781238
     1782755
     1784269
     1785782
     1787295
     1788810
     1790325
     1791840
     1793354
     1794868
     1796382
     1797898
     1799413
     1800927
     1802440
     1803952
     1805466
     1806983
     1808498
     1810011
     1811525
     1813040
     1814556
     1816070
     1817583
     1819098
     1820613
     1822128
     1823641
     1825156
     1826672
     1828187
     1829701
     1831216
     1832733
     1834250
     1835766
     1837281
     1838798
     1840315
     1841832
     1843350
     1844868
     1846385
     1847903
     1849421
     1850927
     1852414
     1853898
     1855384
     1856868
     1858349
     1859829
     1861310
     1862789
     1864266
     1865743
     1867221
     1868700
     1870178
     1871654
     1873126
     1874598
     1876066
     1877529
     1878987
     1880438
     1881886
     1883336
     1884790
     1886244
     1887706
     1889194
     1890730
     1892265
     1893795
     1895322
     1896841
     1898355
     1899870
     1901386
     1902901
     1904416
     1905930
     1907445
     1908960
     1910476
     1911992
     1913507
     1915021
     1916536
     1918051
     1919568
     1921084
     1922598
     1924112
     1925628
     1927146
     1928661
     1930175
     1931691
     1933207
     1934725
     1936242
     1937757
     1939272
     1940787
     1942305
     1943823
     1945340
     1946855
     1948372
     1949891
     1951410
     1952925
     1954439
     1955952
     1957466
     1958980
     1960496
     1962014
     1963532
     1965047
     1966563
     1968078
     1969592
     1971109
     1972625
     1974143
     1975661
     1977179
     1978697
     1980214
     1981731
     1983229
     1984713
     1986197
     1987683
     1989168
     1990651
     1992131
     1993611
     1995089
     1996565
     1998039
     1999513
     2000988
     2002461
     2003931
     2005399
     2006860
     2008309
     2009751
     2011192
     2012638
     2014100
     2015595
     2017130
     2018663
     2020192
     2021717
     2023232
     2024746
     2026261
     2027777
     2029293
     2030808
     2032323
     2033840
     2035356
     2036873
     2038388
     2039902
     2041418
     2042936
     2044452
     2045966
     2047482
     2049000
     2050516
     2052031
     2053548
     2055066
     2056584
     2058100
     2059617
     2061136
     2062655
     2064172
     2065689
     2067205
     2068720
     2070238
     2071755
     2073273
     2074792
     2076311
     2077829
     2079347
     2080865
     2082362
     2083847
     2085333
     2086821
     2088309
     2089796
     2091280
     2092763
     2094245
     2095727
     2097207
     2098685
     2100164
     2101641
     2103119
     2104599
     2106078
     2107556
     2109031
     2110500
     2111966
     2113425
     2114877
     2116325
     2117772
     2119223
     2120684
     2122167
     2123700
     2125235
     2126764
     2128291
     2129808
     2131325
     2132841
     2134358
     2135875
     2137391
     2138907
     2140425
     2141943
     2143461
     2144977
     2146491
     2148008
     2149525
     2151043
     2152559
     2154074
     2155590
     2157107
     2158626
     2160144
     2161659
     2163177
     2164696
     2166214
     2167731
     2169246
     2170764
     2172283
     2173802
     2175317
     2176835
     2178354
     2179873
     2181390
     2182908
     2184428
     2185947
     2187466
     2188986
     2190506
     2192026
     2193547
     2195069
     2196590
     2198111
     2199631
     2201145
     2202634
     2204118
     2205605
     2207092
     2208580
     2210068
     2211556
     2213044
     2214532
     2216021
     2217509
     2218994
     2220479
     2221965
     2223449
     2224935
     2226420
     2227906
     2229391
     2230877
     2232364
     2233853
     2235343
     2236832
     2238319
     2239804
     2241287
     2242771
     2244252
     2245730
     2247203
     2248671
     2250131
     2251589
     2253047
     2254506
     2255967
     2257428
     2258889
     2260351
     2261814
     2263277
     2264742
     2266208
     2267681
     2269160
     2270650
     2272183
     2273719
     2275252
     2276782
     2278309
     2279830
     2281350
     2282870
     2284389
     2285908
     2287427
     2288944
     2290460
     2291977
     2293493
     2295013
     2296530
     2298047
     2299563
     2301080
     2302599
     2304117
     2305633
     2307149
     2308666
     2310185
     2311703
     2313219
     2314735
     2316252
     2317769
     2319287
     2320803
     2322319
     2323833
     2325347
     2326863
     2328381
     2329897
     2331412
     2332928
     2334446
     2335963
     2337480
     2338998
     2340516
     2342035
     2343553
     2345072
     2346591
     2348109
     2349621
     2351108
     2352589
     2354072
     2355553
     2357030
     2358505
     2359979
     2361452
     2362923
     2364389
     2365844
     2367288
     2368728
     2370170
     2371618
     2373073
     2374543
     2376040
     2377575
     2379108
     2380637
     2382164
     2383684
     2385201
     2386719
     2388236
     2389753
     2391269
     2392786
     2394302
     2395817
     2397333
     2398851
     2400369
     2401885
     2403402
     2404919
     2406438
     2407956
     2409472
     2410988
